00e8a77823fb4daaa16dfda64de4d9c6.jpg,0,0,0,0
032720ed85754dca902f2b55a56c3295.jpg,260,473,129,72
034183664da24fb7a47b24b7fc4368d7.jpg,680,388,128,68
037bd80f60354027e9c74047a2c52e38.jpg,315,547,141,76
03d0e0e1782543ce8f571f1d9cf0cb12.JPG,707,225,139,208
04a5bd1597d14803a42d1480343ce204.jpg,0,0,0,0
062b26c2d3474ca5afc7842bdbb2e622.jpg,237,449,98,41
06cb2636423c40d8ab736235c99d9f43.jpg,166,320,138,48
07df4079a2b848fa945d948b5cb83ec0.jpg,836,502,118,43
089518d5db83460382bb672da0501556.jpg,268,322,114,47
090c737035cb4d10a409d180097cd887.jpg,200,340,119,43
0921b3d404a94baa92523c67f745462e.jpg,110,434,130,147
09795c9dbdc8810b4f43e94719e9d8be.jpg,233,515,137,60
09b2ed9977b44e6d87070206fb87b3e2.jpg,80,480,86,76
09f4963cd62b471589d9e3c4773e83db.jpg,199,282,125,75
0b16c3a0a9214fcd954b987b11469ce3.jpg,237,436,158,53
0ba9b8b2a04e489fa32daa8a4553c5ba.jpg,676,387,128,70
0bdd25806ddc4378945dadd5f69025c4.jpg,0,0,0,0
0bf37a1a7abf2ced065c951359e12a01.jpg,185,430,139,69
0c08dc2b6888435e860ae5526874807c.jpg,733,414,85,51
0c6fca8a6f7d4221b20ace2495d8b317.JPG,134,386,115,51
0c75196e70b64aab8dcea51de1f9e7e1.jpg,110,437,129,70
0d6a63120e704d16ad852b6da681b797.jpg,199,282,125,75
0f371900c12c402094e5455aa2cf1c87.jpg,393,614,176,84
0f70873778434b97b28219c5523e4443.jpg,185,430,139,69
0fc23ebb23df47bc9c89a836a54176e0.jpg,658,342,144,89
0fc903318872d9982fb4f3d43c78ea56.jpg,746,438,147,54
1209c418560a47d4be05db4580196661.jpg,788,363,144,40
120b35ed304a417aaba9028dfd67acb2.jpg,699,415,142,124
124afdc34005a4ec9b6ffec4cd668652.jpg,0,0,0,0
12b7acd4c5bf4bfa84d94870da65c6c2.jpg,658,342,144,89
139d0badb57b46cbbab24c7bc4ce16e5.jpg,0,0,0,0
145bd4d759e3465293ec2d5b386e45a4.jpg,318,375,127,49
148cbc3ca21345af966ffde894e1d6a5.jpg,102,401,100,76
1543116dd6c142dd85ecb9db35316999.jpg,0,0,0,0
1546cc6e9419477b8cfb99ccf8d6af99.jpg,110,434,130,147
154c987674bd4be18c7d5b25b9256ce7.jpg,748,394,151,76
157b9bb3ee7b40498b72a4508d2419bb.jpg,119,475,79,123
158945a52e7b4ddc9cd576f636f89a29.jpg,775,342,102,50
16121ca2ffc84fa28bd8194735d2a256.jpg,741,410,100,81
170b9c366d234196b23334753860a3d3.jpg,689,437,141,84
19effa8150f54122b5acfd85cc78b140.jpg,103,370,107,75
1a79fd3cf4c549c890aa3fc46b5ddca1.jpg,0,0,0,0
1af9c23dacbd4b9bb95b5c7059ed8690.jpg,0,0,0,0
1b358abe9ab2497e93063c162e1bf382.jpg,893,618,96,87
1b3d5a495a124818a3eaec7ab76aed30.jpg,237,449,98,41
1b3fc8b1de0b45609f09ba463b030312.jpg,699,415,142,124
1b43c3cdfe3744baac928d83cdac86ca.jpg,775,342,102,50
1b62887c9fcd44038204cd57ef6008ec.jpg,185,430,139,69
1ba414da39964ea3b1cc3c5fc8faf934.jpg,710,341,88,123
1bc3d9aa5ff44db68a1a71d98ae02ce1.jpg,0,0,0,0
1cffd6df4ab14f51b17d398d20233cb8.jpg,733,414,85,51
1d1b4ccc60dd439ea621b02c0fa70d24.jpg,595,274,101,44
1d7713fbb88940fa8aff6bf1f56a363a.jpg,0,0,0,0
1d9ce0fa36f26141fc5338cccc360116.jpg,848,434,113,76
1e10a79eaf1e492da79368034520bc36.jpg,393,614,176,84
1ebc080144594b74b5be61af51b5f17d.jpg,611,346,144,64
1f4f5db09d004e1788348aaccafcd162.JPG,0,0,0,0
1fde5a040db1484b8f2656777e8dcaa8.jpg,237,449,98,41
1fee6dc7c8f24eeaaaf2ec774c1fa4aa.jpg,710,341,88,123
20b527cdc6a244eeb2dc813825bcaf0b.jpg,139,491,97,39
20faa8cc3ff047f8b9961cd7bd80e1fd.JPG,159,452,81,89
210882daf9a250bb3b8ccaf5159dd071.jpg,686,532,162,130
2172f93632484ffcb9f903ea41e08d0f.jpg,710,341,88,123
21a4fb00a4c34daba43f23c1216b5dd4.jpg,166,327,132,52
221381f65e4d46dc80d75d430d83ba63.jpg,815,408,133,52
2215e961929b4479a6c44838a319ef18.jpg,173,451,158,80
22edc2a0df514ecb84a44262f4db503c.jpg,658,342,144,89
23144d70e5e405795b8004ae34c5c1d7.jpg,630,341,119,37
231dcef65461404f935e22ba0c3a1271.jpg,0,0,0,0
2345cc800c29487e9207b9eccadab8f8.jpg,315,547,141,76
23a19ec9fe0549d6a62c92a3172f3a8f.jpg,0,0,0,0
248e2df3f7a842ee9c3d4b2a6a6fab8a.jpg,680,388,128,68
2706d01247d14e36b83edecc23e6241c.jpg,586,430,175,109
272b64c6d9e7496fa18ba603b44e4181.jpg,110,434,130,147
27d0eed5111640b89a30cd5a5e9d4c79.jpg,260,473,128,72
298ac20b3b284b2fb3043694310aa707.jpg,595,274,101,44
2995b22cab8841658c7fdb070785278c.jpg,788,363,144,40
2a2e540e734eb8b171c5cdbd6276c55b.jpg,788,363,144,40
2a54bc3b420a4b4ca40e5d886a43dcad.jpg,220,415,145,42
2a92b66c2377456485a936c768a0c733.jpg,893,618,96,87
2ad411efbd1a4ac3b7d191b4adf2662d.jpg,620,466,135,74
2bcf82c8372e424ab174eb6733c08dab.jpg,0,0,0,0
2bf63057cff544d1914a947571241d0f.jpg,752,440,129,43
2c831d4c23ff4322ba32a3046b0f6c17.jpg,756,294,137,68
2cf1dc57bc4c43c094d8624ba73b579b.jpg,318,375,127,49
2d0089609c62afdecc1bc7d4d297d7ec.jpg,812,433,133,48
2d0a520e6f8545139ea85f8540a82d2b.jpg,255,369,131,61
2d4bfff707954b59a64fc075bdfe9057.jpg,173,451,158,80
2ea6039f24a6404795b233d3e3ab303b.JPG,241,389,88,45
2eb9604ee90d78a3e755080d5df77756.jpg,0,0,0,0
2f69eb493c854be38691e07562c16beb.jpg,110,437,129,70
307c2e4ece41420faf2b641aab144597.jpg,0,0,0,0
311ea2fba9b44bc69f0afee23d628c38.jpg,0,0,0,0
31265621100c45389732c992e90c2223.jpg,756,294,137,68
31302c8bd5b54feb9456636108232766.jpg,0,0,0,0
31d12d4cbbee40789bb8f231fb8409af.jpg,226,440,131,43
32021bca25ae4fba94f1cca15a9ef39b.jpg,401,374,84,53
325adbe207284468ae82d64e21c07be6.jpg,80,480,86,76
3293ce97f63842fa8f3def402bf31cb7.jpg,200,333,149,60
33b4c24472de4289990377f7fced367f.jpg,209,246,103,33
351c9a1ab05320e19102e0b8d119f472.jpg,0,0,0,0
35937c4c309240bb8a1a2710ebda8305.jpg,0,0,0,0
36671c47fcd342b79e9e35708fd55fb6.jpg,185,430,139,69
369799ab08e74bb6a45af74fcefb477b.jpg,232,304,157,66
375fb3309aca422aa7d7194a18ff3b07.jpg,110,434,130,147
381ba4c97f31414a9dfa22fd7a3f0a0f.jpg,0,0,0,0
3821a5d4c8c6d84f0ecf5e9851d7dbfe.jpg,157,576,145,75
3844061233c035e4f91d9745b4f54a85.jpg,237,449,98,41
398e295d42cd49f9a3a49676727965f9.jpg,242,279,209,73
3a99bf8117f1464fbbd9ebcc8885102d.jpg,0,0,0,0
3abfa72da7e42d6676202a595b9607a1.jpg,611,346,144,64
3af190f3f7304e4f94bed1788a7bafa6.jpg,756,294,137,68
3af3646e53d645c3b4923dec5cfeb947.jpg,166,320,138,48
3b3c0d98b20948068f8d2a528602f4ee.jpg,673,273,145,60
3c979760505e4fc9af783f8b18b23609.jpg,200,333,149,60
3de60011c3119541ada3f14c6c005121.jpg,699,415,142,124
3e192792fc1f4641bf396c9f29f73a08.jpg,605,387,205,108
3e75918e4ac94d53ba1512f07c32407e.JPG,729,460,118,81
401227822be247b2b4e9403b51d71647.jpg,110,434,130,147
4070c58dd6574ef2a92c67e590b4bee1.jpg,226,440,131,43
40dccfdd265a4667859a52085bac9141.jpg,775,342,102,50
4153083a8fc04426bb8e07aef0a99d8b.jpg,0,0,0,0
415d90b44b894cb182bc1dbdc551549b.jpg,185,430,139,69
41a0b22638d44aefa98f0a93f6316cf1.jpg,0,0,0,0
41c2674e78a54f5389ee5b799ab8ed51.jpg,201,560,98,53
41f18775dd744f02bc3e2869670b7af8.jpg,201,560,98,53
420df2480436402c9d56ac524eb38fa3.jpg,110,434,130,147
425c34f1d5c44856a69fe3fdcc59b599.jpg,166,320,138,48
42b70e890afe3f802e26b156e021ad22.jpg,264,433,135,72
43efcc6504934eb795ea05a06be8a2ab.jpg,210,355,79,71
451a68a5b7c442308ddbe725b1375a62.jpg,103,370,107,75
45e30453511e42e9ae4a743599a791e7.jpg,0,0,0,0
46f9264bff454f6f869fd88192387dbb.jpg,165,389,140,62
47cc9ffdca9245ab8e4f91a1c1ab1490.jpg,198,284,92,33
47f1abf61da746ecb448004acf5980ab.jpg,845,570,102,43
481278079c774d3d818d8f78805dfc71.jpg,393,614,176,84
4846a7ff220d4e91bca9bc10f708b208.jpg,110,432,111,56
48a62bb6b8c243fe81423d475adf496b.jpg,680,388,128,68
48b5294edf6642b2879993ffb5b9247f.jpg,199,282,125,75
48c5702d33bf45c196d7f89839749763.jpg,128,405,93,74
48fdd7280bd647ceadc7e0950ec536c7.jpg,0,0,0,0
49f1bdf645984bed8045a258ab26f279.jpg,733,414,85,51
4a084e4caa074979bbbe02d372b6d755.JPG,340,516,134,75
4adcd2d981984651b369a69e2edc8e21.jpg,111,375,49,47
4b236b567b92014dae85f67ff4f35a05.jpg,318,375,127,49
4b6458dfbbeb4b76afe55612f2bbb5ce.jpg,0,0,0,0
4b6e848523564eaaafcf65f3de4c9b8b.jpg,165,389,140,62
4d2d37f07b0c4f938af27fd709927337.jpg,0,0,0,0
4d99ec441b3b4b23aea45e880788abb4.jpg,812,433,133,48
4dd58aa6d33c76cf90c34664c040fae8.jpg,176,539,135,82
4ea51827f3c44110ac887a4fb497fb7b.jpg,0,0,0,0
5073ec1ef0d84a268fa063609b742a43.jpg,756,294,137,68
50dd00787e62519f674167f7fb070114.jpg,119,475,79,123
52b9a27ad2f04c37af439653c9636f9a.jpg,226,440,131,43
535ae176aba04cf48c7a2c4c19f92f83.jpg,166,327,132,52
54d1278a83ce4607a7adbd01aa92ba76.jpg,268,322,114,47
559ff9367fd64f18a6ca30d88f70b5c6.jpg,812,433,133,48
55a10b071994420e8ae5c25ab2cfa076.jpg,233,515,137,60
563921bee58a4a63999e5d360bdd165e.JPG,683,385,95,78
56874e571b6a48a1ad3b41bd79c041c5.jpg,173,451,158,80
57214906f77048c6938233c036e6e5a1.jpg,686,532,162,130
57220188fcc21fe83f89d53165975bb0.jpg,173,451,158,80
572d38e12f504009ae9f42881b16843e.JPG,652,455,115,80
590be96338c9eeebe168b8833e5c223c.jpg,748,394,151,76
598defdb4dbf4b32a981e98f7710f22d.jpg,665,428,145,78
59c85f03db894a8fa305348769f3d653.jpg,237,436,158,53
59d98891acbf42fab714c79f20512b03.jpg,733,414,85,51
5a4a1d0f667f4d5ca373b5cc9c927b23.jpg,173,451,158,80
5c5fcc8455b846578efd1df034774505.jpg,103,370,107,75
5cf1d0486a714697bd652d286464a8e3.jpg,710,341,88,123
5d4e01bb985282b758167d8aa7d0209c.jpg,200,333,149,60
5f0d31a2e5314d1487d91b434d98994f.jpg,268,322,114,47
5f6fd1c44d5b4dd18580241ca714ee68.jpg,0,0,0,0
5fe4594eafb64c9da3d2f55c09c0c2ed.jpg,0,0,0,0
602c0d39576e4ed785252a7b731f3e06.jpg,611,346,144,64
6074c208f1474f75b5d35dc6eaa33db2.jpg,836,502,118,43
612dc7019d0848cb90cf310a60676111.jpg,318,375,127,49
618be3f5a4694b72a8922df635abcd26.JPG,185,387,84,73
61c605c66d8a435f98448b91471b0720.jpg,173,451,158,80
6244502edf774c298c0f357cbc062bc6.jpg,679,349,190,92
65061feec43549319de26d1f3eb408ae.jpg,836,502,118,43
6523ffa9755c487d8a3ca0147110e160.jpg,710,341,88,123
658e9763f609dc3b09a7c19b4deea14c.jpg,0,0,0,0
65ab272ab7f748e790d53e11363e0f9b.JPG,0,0,0,0
66cb6c74927d4490b05d3455dfa523cf.jpg,255,369,131,61
67b347d6cf2a4d9c98ca11df2081e23e.jpg,0,0,0,0
6ab8c95d81664d69925dbfd0fd66c1a8.jpg,0,0,0,0
6b648d84c23b4ea9a7108232e450bd99.JPG,686,415,93,92
6b8214fa0e6853f9dbf9a2226e562141.jpg,0,0,0,0
6e94add7288a6868f0897959b1f7c9d5.jpg,393,614,176,84
70d0de13ca7c45e1a8cecb933aae3860.jpg,110,437,129,70
70e8b845ae9f43acbd2e8a5d2f87656b.jpg,595,274,101,44
71494ba81eb24eb6b5b1e116bf9c48ae.jpg,695,379,142,83
738b5963e3ec4b09b4324d6ea8359444.jpg,138,320,119,96
748246239cf84ecb80e71c00e3147019.jpg,0,0,0,0
7583fb02092d4c11a4d3426b829f83ac.jpg,237,449,98,41
775a4d80471c4234a8f518e3057f787e.jpg,788,363,144,40
7779690992094a8e93f9eb8457f9d533.jpg,729,351,130,56
78239b41498547c7863027d748fd7d6a.jpg,233,515,137,60
7858951d0608463ba82b9c4cf8a131fc.jpg,0,0,0,0
787dc8afa1af44c7933121e9cf26fa95.jpg,706,360,71,34
791e603f6e7ee21bcd00070440ab39d2.jpg,698,261,72,30
7a2ec6374874984ee9191b5e2207d5bc.jpg,0,0,0,0
7b0bcf37e3b383e004cf08470d6bf46a.jpg,181,384,129,67
7ba4cc7279394b258adb41dbb2ed6daf.jpg,172,469,111,33
7bbc75da5b23417f9fc11b42d1a773cb.jpg,752,440,129,43
7c9eb66d6d3b4ee2a2cf46da63b6060c.jpg,237,449,98,41
7d0f97d2b0614e268185697f456407ca.JPG,0,0,0,0
7e39cfdf48d34d3380569219582511f9.jpg,763,344,144,59
7e76940d719540aea8e84f770ecfc35e.jpg,226,440,131,43
7f3d25258bfe40d18bcb55f2285a5015.jpg,508,396,158,89
7f71546d265049b790712556987f5d9c.jpg,200,333,149,60
7fa4ddbdac258d66d5aff2bbe9dd95e0.jpg,226,440,131,43
7facbea8adcf4c068eec6872fe36ace7.jpg,226,440,131,43
7febb72b29974addabbc4b68494f6855.jpg,185,430,139,69
80569c93687e48858f940863f5664b1d.jpg,214,311,138,55
806246a870994ca2a893fa33c73f81fa.jpg,698,261,72,30
8192a7024fd34b878a5abaf97194c890.jpg,0,0,0,0
82169f460e4844c2b7628628e882e22f.jpg,832,535,138,52
83ad30ba998341f59b8b24e505a473e8.jpg,201,560,98,53
83cd0c64e58f4b49b74fbc69cb5bb8e0.jpg,80,480,86,76
83db062aef740794a396c6d4c8362b34.jpg,508,396,158,89
84c1004345944ec2b5266c80116e70ff.jpg,756,294,137,68
8546fd7e0a834f8fbd98015d2b27dda9.jpg,676,428,145,59
859a583c324541d4bc03b53b69f804d6.jpg,268,322,114,47
85b924d7023841acb78d04d5f754914a.jpg,893,618,96,87
85deeb7a8e3f403cb7dacd6a59024628.jpg,0,0,0,0
864a8fe442c241dea6f41c9451f77d98.jpg,0,0,0,0
8845b002ecdfb295d5025562172e6c58.jpg,237,436,158,53
88562e25617942c3ba233f0d1bd7af27.jpg,836,502,118,43
88611c6efc534cb2980fbf7e9e024ed4.jpg,0,0,0,0
887a23544e5249deae0fdb02382cd5d2.jpg,134,336,140,83
8b70e59db442485793f17c824760c52d.jpg,200,333,149,60
8c26bd6ae90c4e5da6c652f11a28c9c4.JPG,122,761,109,45
8ce1e03101cf4b20bbfc66651cdb4d83.jpg,0,0,0,0
8d421d58c7ee46de8e4348eb55db9201.jpg,605,387,205,108
8dae8874377a472c86c1448a3006c232.jpg,110,356,115,32
8e25dac68eb54cadacb1e700aaec2752.JPG,206,441,116,62
8e5610a2fac4e225b2b8dde81626bbcf.jpg,0,0,0,0
8e73bd44e585400e92f786afc1a036e7.jpg,102,401,100,76
90028049cf324e0faec4e0b879735a1d.jpg,185,430,139,69
90412d396fafc90f64da8b3567c99a1a.jpg,110,356,115,32
91e7b48ef74c4f4ca53c48a0d2df4580.jpg,233,515,137,60
922cc78f4b3a4a64877a243827bd7f5b.jpg,658,342,144,89
92490578144b4ec6931380d84e2228e2.jpg,0,0,0,0
935791557d02bb32e734f6270d6c481b.jpg,673,273,145,60
93b9f76042914470bc08ad1026a739b0.jpg,219,470,137,51
9513dd269be346ff880d9fd371e70681.jpg,836,502,118,43
95c93595be10409fa7b72faf2087777b.jpg,815,408,133,52
95d860f9bae34ab5828406c8067de392.jpg,0,0,0,0
981e3788725d4c7f8764cd8d12852e60.JPG,147,432,109,71
98cdbba2405d4bd8b075d164c90decf0.jpg,214,525,82,73
9987dcbe5e894c4e84b7b2620db6e392.jpg,296,509,150,55
9a0a5f6d3c654a038f0c2fc3d37adc64.jpg,102,401,100,76
9a61f0acc19c438fb5eb4a8d269c3702.jpg,680,388,128,68
9ac52d37c3c1543057cdb9f4de5f3a96.jpg,0,0,0,0
9b583ebbf7564f3f8e852e1ac11d3058.jpg,0,0,0,0
9b58c73e7c534e8db004d23ca58a480e.jpg,315,547,141,76
9bd9e83591f6487988a859ba3c3cf629.jpg,783,420,78,126
9bf6b3552d464dd8afdeaa18f258480a.jpg,812,433,133,48
9c9a88e88be24caaac5bf403f026e1f3.jpg,729,351,130,56
9cda91c1920d42a58b753279c84a9ada.jpg,255,369,131,61
9ef661170ea24a0cb24e537164f113d6.jpg,845,570,102,43
9f0569008ec6416aaff7ad0755f6803f.jpg,268,322,114,47
9f2612ef6a3644509e4b8cc448d541f9.jpg,237,449,98,41
A-Class [A级]-1999-4.jpg,86,432,85,87
A-Class [A级]-1999-5.jpg,142,349,110,87
A-Class [A级]-2006-3.jpg,0,0,0,0
A-Class [A级]-2006-5.jpg,213,373,128,72
A-Class [A级]-2007-3.jpg,0,0,0,0
A-Class [A级]-2007-4.jpg,720,382,122,87
A-Class [A级]-2007-5.jpg,674,322,135,58
A-Class [A级]-2013-4.jpg,104,481,86,55
A-Class [A级]-2013-5.jpg,124,379,59,54
A-Class [A级]-2016-3.jpg,0,0,0,0
A-Class [A级]-2016-4.jpg,708,424,182,107
A-Class [A级]-2016-5.jpg,603,298,158,73
A-Class [A级]-2018-3.jpg,0,0,0,0
A-Class [A级]-2018-4.jpg,617,468,186,43
A-Class [A级]-2018-5.jpg,217,301,120,47
a02dc259ae894ab3889aa3b75cf1fb26.jpg,893,618,96,87
a196def7a8194182adc76494f2372a53.jpg,0,0,0,0
a2ca5decda164449a6232ab60ced4a7e.jpg,119,475,79,123
a2ecf68851bd4b2e8849bde28569ea3a.JPG,382,403,122,72
a3a41d5f81f84168b83bbf3ed0d84ce9.jpg,710,341,88,123
a3e4524ac0ea475a804374c1202ae807.jpg,0,0,0,0
a5d208bda7fc437ead6caae77e5656cb.jpg,0,0,0,0
a5f26abeb5d14588afd355d96204d2b2.jpg,110,437,129,70
a5fd65e75a7f4586a938b986b4c7410a.jpg,185,532,191,61
a6bc533aed704f8eb0a77187b03ae943.jpg,271,447,105,72
a72752d4743f45648a7eeaa4a71b6eb6.jpg,233,515,137,60
a74460163649466ba67900a4f5bbf219.jpg,200,333,149,60
a7e77ac8829641e9915de5fe84de9dc8.jpg,119,475,79,123
a7fa51584d234a8ba49eec406255a43d.jpg,742,371,147,99
a85725bdbd3e482c95fd453ca37e5a48.JPG,704,409,89,102
a8614d3dd21340f390a96206a80ffd62.jpg,517,279,119,43
a89adefd931341dabc246dc4b9af8342.jpg,166,327,132,52
a8ddb006fa184892a866427373483d37.jpg,733,414,85,51
a8f08429613c4ff7be88f297857ccc0a.jpg,812,433,133,48
a9a670828d204897ccaea5ab22c9fd76.jpg,0,0,0,0
aa1be32e584349d797510863bf06b3a8.jpg,110,434,130,147
aace302689af47d4b2c01a542cdd2d42.jpg,226,440,131,43
ab8b115017db4c98930ac57756f79b1a.jpg,214,525,82,73
aba35eb43fc44ee79258762aefbefbaa.jpg,318,375,127,49
ac74b06317d64f5e89060eb03fb75b43.jpg,0,0,0,0
acea0a8a98634e85a35ef8637a330969.jpg,733,414,85,51
adcc50ec84d741b8975c8e9be5f3e3ca.jpg,257,432,104,41
ae4a66bd5d964e85912df8be1685abf8.jpg,0,0,0,0
ae75b69a15af47fdabfe0a015231961a.jpg,103,370,107,75
aeb2f574ca92478db0e5b408b5285b08.jpg,0,0,0,0
aef5ecb709b34b688bf41dcf7551073d.jpg,678,381,138,81
af70a28def5f4e345979985e9b667105.jpg,836,502,118,43
af9802f8e7bf43da9c0555043beb3963.jpg,0,0,0,0
B-Class [B级]-2006-3.jpg,0,0,0,0
B-Class [B级]-2006-4.jpg,123,448,126,83
B-Class [B级]-2006-5.jpg,143,339,127,73
B-Class [B级]-2007-3.jpg,0,0,0,0
B-Class [B级]-2007-4.jpg,162,476,130,59
B-Class [B级]-2007-5.jpg,623,362,101,52
B-Class [B级]-2008-3.jpg,0,0,0,0
B-Class [B级]-2008-4.jpg,222,471,167,49
B-Class [B级]-2008-5.jpg,232,368,166,48
B-Class [B级]-2009-3.jpg,0,0,0,0
B-Class [B级]-2009-4.jpg,186,471,146,50
B-Class [B级]-2009-5.jpg,226,371,139,54
B-Class [B级]-2010-4.jpg,646,442,101,64
B-Class [B级]-2010-5.jpg,627,328,100,62
B-Class [B级]-2011-4.jpg,278,411,136,62
B-Class [B级]-2011-5.jpg,626,309,116,52
B-Class [B级]-2013-3.jpg,0,0,0,0
B-Class [B级]-2013-4.jpg,702,490,110,82
B-Class [B级]-2013-5.jpg,147,387,83,79
B-Class [B级]-2015-4.jpg,88,418,60,87
B-Class [B级]-2015-5.jpg,779,315,112,87
b045055171fc4d8eb89211760d2c3862.JPG,214,315,103,38
b07309b73e6a4272863fe27f33db0504.jpg,185,532,191,61
b0b61bd60ccc4523b84c5dc2de5071de.jpg,680,388,128,68
b15761c9d7cb43d4898884b95e3f1438.jpg,200,426,123,80
b15ed8ff0168f112d77f56a1ed39dd68.jpg,257,370,75,53
b172909666444e0aa67fea273ce418cd.jpg,0,0,0,0
b1c7d282a015451098dab74aa61acbae.jpg,208,453,180,112
b2296f187cba45719b727d2a7e47a869.jpg,0,0,0,0
b2350471f686427697ee0608417dd2cc.jpg,0,0,0,0
b25838016b3a47d69a7eb9406f587ada.jpg,139,491,97,39
b3c2d32d16194237a92c967bab068b6b.jpg,0,0,0,0
b4b8df7cc108458a87e09baafb6e8be0.jpg,233,515,137,60
b51a57df43204b71999bed9d0b2f466e.jpg,836,502,118,43
b59649d5ee2840ed93f800bbb611386d.jpg,233,515,137,60
b5bfe5d808f94a4b8b365f6a22c0ab5f.jpg,752,440,129,43
b5d66782d9b34a50942cf01249e798be.jpg,684,344,68,33
b5f15ce5eeefd01d85914d7ce828bb55.jpg,680,388,128,68
b677bbb09d424921b9445a2c4d3063e6.jpg,508,396,158,89
b724f60a0b7c4243a915d4632195f5fc.jpg,237,436,158,53
b966b40fa04d497e937c28123771e5ab.jpg,832,535,138,52
baf11a56c7424292a4a4a7c185c353b6.jpg,315,547,141,76
bb16424adc6c41809649862335f8b699.jpg,237,449,98,41
bb9764e3c5324e328ca4d8b3bc85964c.jpeg,0,0,0,0
bddf7237b86442c3b80f5785abf51858.jpg,836,502,118,43
be0a0eb29dcb49aabb05502ec0e1038a.jpg,0,0,0,0
bf92fe2266c848878fe0f60c04d16430.jpg,0,0,0,0
bfa75403d1bdeadae7e7cee017e4a434.jpg,110,432,111,56
bfa81965f6d549ec91a73049d317538b.jpg,226,440,131,43
BTEPC201803121009前侧.jpg,175,451,124,110
BTEPC201803121009后侧.jpg,216,317,198,110
BTEPC201803121010前侧.jpg,756,413,87,68
BTEPC201803121010后侧.jpg,645,321,123,86
BTEPC201803121010正侧.jpg,0,0,0,0
BTEPC201803121011前侧.jpg,774,421,67,128
BTEPC201803121011后侧.jpg,641,315,159,111
BTEPC201803121292前侧.jpg,586,477,102,36
BTEPC201803121292后侧.jpg,329,400,122,56
BTEPC201803121581前侧.jpg,716,410,87,101
BTEPC201803121581后侧.jpg,148,332,88,70
BTEPC201803121643前侧.jpg,693,418,112,93
BTEPC201803121643后侧.jpg,665,316,79,109
BTEPC201803121645前侧.jpg,0,0,0,0
BTEPC201803121645后侧.jpg,724,304,105,92
BTEPC2018031216860前侧.jpeg,769,374,98,96
BTEPC2018031216860后侧.jpeg,670,272,126,78
BTEPC2018031216861前侧.jpg,100,402,88,76
BTEPC2018031216861后侧.jpg,124,334,88,103
BTEPC2018031216861正侧.jpg,0,0,0,0
BTEPC2018031216862前侧.jpeg,105,420,102,81
BTEPC2018031216862后侧.jpeg,239,347,157,69
BTEPC2018031216919前侧.jpg,725,441,127,109
BTEPC2018031216919后侧.jpg,212,316,90,103
BTEPC2018031216919正侧.jpg,0,0,0,0
BTEPC2018031216920前侧.jpg,627,384,80,85
BTEPC2018031216920后侧.jpg,285,310,130,53
BTEPC2018031216920正侧.jpg,0,0,0,0
BTEPC2018031216921前侧.jpeg,764,382,109,122
BTEPC2018031216921后侧.jpeg,132,307,109,75
BTEPC2018031216921正侧.jpg,0,0,0,0
BTEPC2018031216978前侧.jpg,182,426,125,108
BTEPC2018031216978后侧.jpg,253,290,151,81
BTEPC2018031216979前侧.jpg,188,454,90,86
BTEPC2018031216979后侧.jpg,264,330,107,60
BTEPC2018031216980前侧.jpg,135,458,135,110
BTEPC2018031216980后侧.jpg,669,281,151,159
BTEPC2018031217044前侧.jpg,699,422,173,87
BTEPC2018031217044后侧.jpg,221,286,132,70
BTEPC2018031217045前侧.jpg,168,437,211,134
BTEPC2018031217045后侧.jpg,188,297,139,89
BTEPC2018031217046前侧.jpg,650,447,126,88
BTEPC2018031217046后侧.jpg,608,285,136,75
BTEPC2018031217046正侧.jpg,0,0,0,0
BTEPC2018031217203前侧.jpg,111,395,130,79
BTEPC2018031217203后侧.jpg,138,253,74,59
BTEPC2018031217204前侧.jpeg,133,432,158,78
BTEPC2018031217204后侧.jpeg,662,301,175,91
BTEPC2018031217205前侧.jpeg,693,461,124,110
BTEPC201803121726前侧.jpg,0,0,0,0
BTEPC201803121726后侧.jpg,621,300,128,105
BTEPC201803121726正前.jpg,661,458,108,85
BTEPC2018031217354前侧.jpg,600,446,120,58
BTEPC2018031217354后侧.jpg,572,322,158,51
BTEPC2018031217355前侧.jpg,706,405,124,86
BTEPC2018031217355后侧.jpg,678,296,105,76
BTEPC2018031217356前侧.jpg,209,420,134,61
BTEPC2018031217356后侧.jpg,655,330,103,101
BTEPC2018031217523前侧.jpg,759,440,147,112
BTEPC2018031217523后侧.jpg,675,274,171,92
BTEPC2018031217524前侧.jpg,718,422,138,108
BTEPC2018031217524后侧.jpg,658,321,138,86
BTEPC2018031217525前侧.jpg,667,396,121,46
BTEPC2018031217525后侧.jpg,216,322,159,45
BTEPC2018031217525正侧.jpg,0,0,0,0
BTEPC2018031217662前侧.jpg,695,430,82,48
BTEPC2018031217662后侧.jpeg,139,346,131,89
BTEPC2018031217663前侧.jpg,152,408,117,69
BTEPC2018031217663后侧.jpg,626,260,165,93
BTEPC2018031217664前侧.jpg,775,398,79,97
BTEPC2018031217664后侧.jpg,675,273,160,91
BTEPC2018031217664正侧.jpeg,0,0,0,0
BTEPC2018031217706前侧.jpg,753,414,111,118
BTEPC2018031217706后侧.jpg,660,285,143,78
BTEPC2018031217707前侧.jpg,786,433,100,74
BTEPC2018031217707后侧.jpg,133,290,118,87
BTEPC2018031217708前侧.jpg,786,439,119,87
BTEPC2018031217708后侧.jpg,761,286,99,74
BTEPC2018031217749前侧.jpg,813,472,140,88
BTEPC2018031217749后侧.jpg,805,372,99,49
BTEPC2018031217749正侧.jpg,0,0,0,0
BTEPC2018031217750前侧.jpg,753,416,95,116
BTEPC2018031217750后侧.jpg,718,297,115,88
BTEPC2018031217750正侧.jpg,0,0,0,0
BTEPC2018031217751前侧.jpg,147,345,155,93
BTEPC2018031217751后侧.jpg,793,312,118,55
BTEPC2018031217925前侧.jpg,692,491,169,83
BTEPC2018031217925后侧.jpg,799,395,158,86
BTEPC2018031217925正侧.jpg,0,0,0,0
BTEPC2018031217926后侧.jpg,805,391,96,55
BTEPC2018031217926正侧.jpg,0,0,0,0
BTEPC201803121811前侧.jpg,0,0,0,0
BTEPC201803121811后侧.jpg,188,297,148,107
BTEPC2018031218208前侧.jpeg,654,405,151,97
BTEPC2018031218208后侧.jpeg,217,322,173,59
BTEPC2018031218208正侧.jpg,0,0,0,0
BTEPC2018031218240前侧.jpg,774,414,96,71
BTEPC2018031218240后侧.jpg,199,294,161,64
BTEPC2018031218241前侧.jpg,633,402,63,41
BTEPC2018031218241后侧.jpg,291,348,110,58
BTEPC2018031218243前侧.jpg,249,418,85,72
BTEPC2018031218243后侧.jpg,283,331,101,45
BTEPC2018031218276前侧.jpg,657,398,135,76
BTEPC2018031218276后侧.jpg,761,279,144,78
BTEPC2018031218277前侧.jpg,701,367,78,84
BTEPC2018031218277后侧.jpg,678,272,146,95
BTEPC2018031218319前侧.jpg,685,462,111,82
BTEPC2018031218319后侧.jpg,721,316,111,84
BTEPC2018031218320前侧.jpg,561,393,104,54
BTEPC2018031218320后侧.jpg,569,338,100,48
BTEPC2018031218364前侧.jpg,693,468,95,70
BTEPC2018031218364后侧.jpg,647,362,89,45
BTEPC2018031218365前侧.jpg,140,448,108,78
BTEPC2018031218365后侧.jpg,243,326,201,83
BTEPC2018031218365正侧.jpg,0,0,0,0
BTEPC2018031218414前侧.jpg,706,437,115,140
BTEPC2018031218414后侧.jpg,128,303,100,105
BTEPC2018031218414正侧.jpg,0,0,0,0
BTEPC2018031218415前侧.jpeg,101,440,114,83
BTEPC2018031218415后侧.jpeg,64,271,86,74
BTEPC2018031218415正侧.jpg,0,0,0,0
BTEPC2018031218470前侧.jpg,105,405,80,75
BTEPC2018031218470后侧.jpg,176,322,105,64
BTEPC2018031218470正侧.jpg,0,0,0,0
BTEPC2018031218471前侧.jpg,714,400,85,88
BTEPC2018031218471后侧.jpg,714,320,80,61
BTEPC2018031218471正侧.jpg,0,0,0,0
BTEPC2018031218544后侧.jpg,277,297,149,50
BTEPC2018031218545前侧.jpg,207,396,81,61
BTEPC2018031218545后侧.jpg,186,333,108,65
BTEPC2018031218545正侧.jpg,0,0,0,0
BTEPC2018031218546前侧.jpg,758,412,92,95
BTEPC2018031218546后侧.jpg,132,286,137,70
BTEPC2018031218546正侧.jpg,0,0,0,0
BTEPC2018031218547前侧.jpg,80,418,104,103
BTEPC2018031218547后侧.jpg,110,272,108,79
BTEPC2018031218547正侧.jpg,0,0,0,0
BTEPC2018031218710前侧.jpeg,127,488,191,112
BTEPC2018031218710后侧.jpeg,151,322,178,70
BTEPC2018031218710正侧.jpeg,0,0,0,0
BTEPC2018031218711前侧.jpg,770,455,95,93
BTEPC2018031218711后侧.jpg,713,282,140,89
BTEPC2018031218712前侧.jpg,726,458,120,86
BTEPC2018031218712后侧.jpg,693,314,153,60
BTEPC2018031218713前侧.jpg,82,431,66,90
BTEPC2018031218713后侧.jpg,660,393,136,76
BTEPC2018031218845前侧.jpg,811,450,137,83
BTEPC2018031218845后侧.jpg,184,289,132,59
BTEPC2018031218846前侧.jpg,814,444,149,85
BTEPC2018031218846后侧.jpg,220,323,173,68
BTEPC2018031218850后侧.jpg,764,320,158,67
BTEPC201803121890前侧.jpg,86,451,55,82
BTEPC201803121890后侧.jpg,707,363,101,90
BTEPC2018031218918后侧.jpg,674,309,160,52
BTEPC2018031218918正侧.jpg,0,0,0,0
BTEPC201803121894后侧.jpg,183,292,98,103
BTEPC2018031219040前侧.jpg,696,449,129,100
BTEPC2018031219040后侧.jpg,236,259,145,108
BTEPC2018031219040正侧.jpg,0,0,0,0
BTEPC2018031219062前侧.jpeg,777,457,148,80
BTEPC2018031219062后侧.jpeg,660,264,146,84
BTEPC2018031219062正侧.jpeg,660,264,146,84
BTEPC2018031219082前侧.jpeg,704,486,86,77
BTEPC2018031219082后侧.jpg,660,351,99,53
BTEPC2018031219162前侧.jpg,115,386,108,83
BTEPC2018031219162后侧.jpg,196,262,149,79
BTEPC2018031219162正侧.jpg,0,0,0,0
BTEPC2018031219163前侧.jpg,125,452,99,83
BTEPC2018031219163后侧.jpg,597,326,154,66
BTEPC2018031219257前侧.jpg,63,392,93,88
BTEPC2018031219257后侧.jpg,787,288,69,65
BTEPC2018031219257正侧.jpeg,0,0,0,0
BTEPC2018031219259前侧.jpeg,87,437,84,92
BTEPC2018031219259后侧.jpg,163,343,87,68
BTEPC2018031219259正侧.jpeg,0,0,0,0
BTEPC2018031219339前侧.jpg,185,468,172,129
BTEPC2018031219339后侧.jpg,215,272,166,101
BTEPC2018031219339正侧.jpg,0,0,0,0
BTEPC2018031219340前侧.jpg,779,430,162,97
BTEPC2018031219340后侧.jpg,165,239,143,122
BTEPC2018031219421前侧.jpg,662,505,157,71
BTEPC2018031219421后侧.jpg,612,324,132,56
BTEPC2018031219422前侧.jpeg,816,411,96,79
BTEPC2018031219422后侧.jpg,123,283,92,58
BTEPC2018031219510前侧.jpg,789,413,99,102
BTEPC2018031219510后侧.jpg,679,271,159,80
BTEPC2018031219511前侧.jpeg,759,441,115,92
BTEPC2018031219511后侧.jpeg,695,283,131,47
BTEPC2018031219512前侧.jpg,724,426,99,69
BTEPC2018031219512后侧.jpg,243,322,131,59
BTEPC2018031219512正侧.jpg,0,0,0,0
BTEPC2018031219512正后.jpg,510,331,88,40
BTEPC2018031219601前侧.jpg,108,447,62,43
BTEPC2018031219601后侧.jpg,741,319,71,62
BTEPC2018031219602前侧.jpg,101,458,119,96
BTEPC2018031219602后侧.jpg,177,322,137,68
BTEPC2018031219602正侧.jpg,0,0,0,0
BTEPC2018031219602正前.jpg,177,322,137,68
BTEPC2018031219603前侧.jpg,91,495,102,82
BTEPC2018031219603后侧.jpeg,759,319,56,36
BTEPC2018031219603正侧.jpg,0,0,0,0
BTEPC2018031219769前侧.jpg,150,433,153,126
BTEPC2018031219769后侧.jpg,250,319,167,116
BTEPC2018031219769正侧.jpg,0,0,0,0
BTEPC2018031219771前侧.jpg,206,385,73,53
BTEPC2018031219771后侧.jpg,206,319,84,57
BTEPC2018031219771正侧.jpg,0,0,0,0
BTEPC2018031219771正前.jpg,207,447,147,85
BTEPC2018031219813前侧.jpg,786,402,97,116
BTEPC2018031219813正侧.jpeg,0,0,0,0
BTEPC2018031219815前侧.jpg,144,400,102,95
BTEPC2018031219815后侧.jpg,164,284,100,85
BTEPC201803122000前侧.jpg,197,413,89,78
BTEPC201803122000后侧.jpg,176,318,99,107
BTEPC2018031220053前侧.jpg,713,423,95,93
BTEPC2018031220053后侧.jpg,213,297,160,69
BTEPC2018031220055前侧.jpg,769,548,170,121
BTEPC2018031220055后侧.jpg,143,291,112,116
BTEPC2018031220177前侧.jpg,812,321,150,43
BTEPC2018031220177后侧.jpg,107,254,82,53
BTEPC2018031220177正侧.jpg,0,0,0,0
BTEPC2018031220179前侧.jpg,825,343,110,62
BTEPC2018031220179后侧.jpg,122,241,101,55
BTEPC2018031220179正侧.jpg,0,0,0,0
BTEPC2018031220215前侧.jpg,825,343,110,62
BTEPC2018031220215后侧.jpg,122,241,101,55
BTEPC2018031220215正侧.jpg,0,0,0,0
BTEPC2018031220330前侧.jpg,604,408,91,24
BTEPC2018031220330后侧.jpg,582,329,110,38
BTEPC2018031220337前侧.jpg,152,396,65,43
BTEPC2018031220337后侧.jpg,229,336,106,52
BTEPC2018031220359前侧.jpg,157,435,111,93
BTEPC2018031220359后侧.jpg,636,317,107,90
BTEPC2018031220359正侧.jpg,0,0,0,0
BTEPC2018031220448前侧.jpeg,68,441,81,77
BTEPC2018031220448后侧.jpeg,152,314,120,74
BTEPC2018031220499前侧.jpg,107,404,85,80
BTEPC2018031220499后侧.jpg,188,272,145,42
BTEPC2018031220561前侧.jpg,130,457,104,89
BTEPC2018031220561后侧.jpg,219,321,128,72
BTEPC2018031220636前侧.jpg,51,366,60,65
BTEPC2018031220636后侧.jpg,91,289,88,68
BTEPC2018031220636正侧.jpeg,0,0,0,0
BTEPC2018031220637前侧.jpg,186,456,63,52
BTEPC2018031220637后侧.jpeg,241,357,80,65
BTEPC2018031220637正侧.jpeg,0,0,0,0
BTEPC2018031220688前侧.jpg,726,380,103,89
BTEPC2018031220688后侧.jpg,701,279,111,62
BTEPC2018031220689前侧.jpg,65,435,118,99
BTEPC2018031220689后侧.jpg,126,293,95,96
BTEPC2018031220689正侧.jpg,0,0,0,0
BTEPC2018031220734前侧.jpg,704,447,125,78
BTEPC2018031220734后侧.jpg,672,272,102,75
BTEPC2018031220734正侧.jpg,0,0,0,0
BTEPC2018031220736前侧.jpg,89,396,102,81
BTEPC2018031220736后侧.jpg,204,256,125,61
BTEPC2018031220797前侧.jpg,166,508,117,71
BTEPC2018031220797后侧.jpg,179,278,103,46
BTEPC2018031220797正侧.jpg,0,0,0,0
BTEPC2018031220798前侧.jpg,50,395,92,67
BTEPC2018031220798后侧.jpg,114,265,84,71
BTEPC2018031220799前侧.jpeg,135,442,98,69
BTEPC2018031220799后侧.jpeg,186,280,84,48
BTEPC2018031220799正侧.jpg,0,0,0,0
BTEPC2018031220913前侧.jpg,165,476,117,64
BTEPC2018031220913后侧.jpg,245,326,137,40
BTEPC2018031220913正侧.jpg,0,0,0,0
BTEPC2018031220914前侧.jpg,225,453,117,73
BTEPC2018031220914后侧.jpg,232,250,111,52
BTEPC2018031220914正侧.jpg,0,0,0,0
BTEPC2018031220970前侧.jpeg,661,416,159,81
BTEPC2018031220970后侧.jpg,662,340,91,71
BTEPC2018031220971前侧.jpeg,769,391,99,86
BTEPC2018031220971后侧.jpg,179,362,88,80
BTEPC2018031220971正侧.jpeg,0,0,0,0
BTEPC2018031220973前侧.jpg,240,454,147,76
BTEPC2018031220973后侧.jpg,225,359,96,77
BTEPC2018031220973正侧.jpg,0,0,0,0
BTEPC201803122125前侧.jpg,751,406,56,58
BTEPC201803122125后侧.jpg,628,340,127,91
BTEPC201803122129前侧.jpg,737,473,176,94
BTEPC201803122129后侧.jpg,659,337,92,83
BTEPC201803122129正侧.jpg,0,0,0,0
BTEPC2018031221380前侧.jpg,858,427,106,82
BTEPC2018031221380后侧.jpg,218,241,132,66
BTEPC2018031221380正侧.jpg,0,0,0,0
BTEPC2018031221381前侧.jpg,875,383,92,96
BTEPC2018031221381后侧.jpg,222,253,123,76
BTEPC2018031221381正侧.jpg,0,0,0,0
BTEPC2018031221382前侧.jpg,188,396,83,68
BTEPC2018031221382后侧.jpg,758,247,111,71
BTEPC2018031221382正侧.jpg,0,0,0,0
BTEPC2018031221407前侧.jpg,858,427,106,82
BTEPC2018031221407后侧.jpg,218,241,132,66
BTEPC2018031221407正侧.jpg,0,0,0,0
BTEPC2018031221408前侧.jpg,875,383,92,96
BTEPC2018031221408后侧.jpg,222,253,123,76
BTEPC2018031221408正侧.jpg,0,0,0,0
BTEPC2018031221409前侧.jpg,188,396,83,68
BTEPC2018031221409后侧.jpg,758,247,111,71
BTEPC2018031221409正侧.jpg,0,0,0,0
BTEPC2018031221436前侧.jpg,858,427,106,82
BTEPC2018031221436后侧.jpg,218,241,132,66
BTEPC2018031221436正侧.jpg,0,0,0,0
BTEPC2018031221437前侧.jpg,875,383,92,96
BTEPC2018031221437后侧.jpg,222,253,123,76
BTEPC2018031221437正侧.jpg,0,0,0,0
BTEPC2018031221438前侧.jpg,188,396,83,68
BTEPC2018031221438后侧.jpg,758,247,111,71
BTEPC2018031221438正侧.jpg,0,0,0,0
BTEPC2018031221683前侧.jpg,176,479,133,110
BTEPC2018031221683后侧.jpg,669,316,94,96
BTEPC2018031221683正侧.jpg,0,0,0,0
BTEPC2018031221790前侧.jpg,165,434,115,75
BTEPC2018031221790后侧.jpg,216,296,126,77
BTEPC2018031222050前侧.jpg,174,451,78,86
BTEPC2018031222050后侧.jpg,174,323,116,95
BTEPC2018031222051前侧.jpg,87,419,105,44
BTEPC2018031222051后侧.jpg,162,293,73,69
BTEPC2018031222386前侧.jpg,209,415,111,61
BTEPC2018031222386后侧.jpg,633,299,72,71
BTEPC2018031222386正侧.jpeg,0,0,0,0
BTEPC2018031222518前侧.jpg,162,423,94,77
BTEPC2018031222518后侧.jpg,197,314,105,68
BTEPC2018031222518正侧.jpeg,0,0,0,0
BTEPC2018031222519前侧.jpg,794,407,215,92
BTEPC2018031222519后侧.jpg,714,269,145,57
BTEPC2018031222519正侧.jpg,0,0,0,0
BTEPC201803122251前侧.jpg,126,451,64,81
BTEPC201803122251后侧.jpg,714,348,123,77
BTEPC2018031222583前侧.jpg,236,408,88,64
BTEPC2018031222583后侧.jpeg,601,298,74,44
BTEPC2018031222583正前.jpg,696,476,178,120
BTEPC2018031222584前侧.jpg,244,390,203,101
BTEPC2018031222584后侧.jpg,249,270,154,68
BTEPC2018031222584正侧.jpg,0,0,0,0
BTEPC2018031222748前侧.jpg,817,445,153,96
BTEPC2018031222748后侧.jpg,220,310,117,68
BTEPC2018031222749前侧.jpg,732,465,170,84
BTEPC2018031222749后侧.jpeg,159,296,121,69
BTEPC2018031222749正侧.jpeg,0,0,0,0
BTEPC2018031222750前侧.jpg,793,433,162,79
BTEPC2018031222750后侧.jpg,221,306,130,64
BTEPC2018031222783前侧.jpg,162,416,144,84
BTEPC2018031222783后侧.jpg,158,357,99,96
BTEPC2018031222792前侧.jpeg,134,428,134,96
BTEPC2018031222792前侧.jpg,154,401,80,65
BTEPC2018031222792后侧.jpeg,204,294,107,80
BTEPC2018031222792正侧.jpeg,0,0,0,0
BTEPC2018031222809前侧.jpg,751,461,151,86
BTEPC2018031222809后侧.jpg,257,314,116,55
BTEPC201803122415前侧.jpg,739,404,205,87
BTEPC201803122415后侧.jpg,175,307,182,109
BTEPC201803122544前侧.jpg,594,510,116,62
BTEPC201803122544后侧.jpg,579,395,123,69
BTEPC201803122544正侧.jpg,0,0,0,0
BTEPC201803122550前侧.jpg,211,405,81,63
BTEPC201803122550后侧.jpg,238,351,200,113
BTEPC201803122601前侧.jpg,0,0,0,0
BTEPC201803122601后侧.jpg,636,298,144,85
BTEPC201803122638前侧.jpg,653,465,90,91
BTEPC201803122638后侧.jpg,627,362,124,57
BTEPC201803122638正侧.jpg,0,0,0,0
BTEPC201803122639前侧.jpg,129,437,116,73
BTEPC201803122639后侧.jpg,729,303,141,108
BTEPC201803122692前侧.jpg,190,472,129,78
BTEPC201803122692后侧.jpg,578,346,244,144
BTEPC201803122692正侧.jpg,0,0,0,0
BTEPC201803122692正后.jpg,578,346,244,144
BTEPC201803122747前侧.jpg,638,478,89,77
BTEPC201803122747后侧.jpg,610,364,127,57
BTEPC201803122799前侧.jpg,0,0,0,0
BTEPC201803122799后侧.jpg,229,344,128,87
BTEPC201803122832前侧.jpg,151,453,97,74
BTEPC201803122832后侧.jpg,595,410,176,67
BTEPC201803122832正侧.jpg,0,0,0,0
BTEPC201803122900前侧.jpg,706,331,111,104
BTEPC201803122900后侧.jpg,175,345,107,90
BTEPC201803123763前侧.jpg,0,0,0,0
BTEPC201803123763后侧.jpg,0,0,0,0
BTEPC201803123810前侧.jpg,0,0,0,0
BTEPC201803123895前侧.jpeg,586,387,93,69
BTEPC201803123895后侧.jpeg,121,338,89,80
BTEPC201803123895正侧.jpeg,0,0,0,0
BTEPC201803123959前侧.jpg,0,0,0,0
BTEPC201803123959后侧.jpg,747,318,111,88
BTEPC201803124067前侧.jpg,0,0,0,0
BTEPC201803124067后侧.jpg,725,366,68,85
BTEPC201803124067正侧.jpg,0,0,0,0
BTEPC201803124218前侧.jpeg,589,467,203,77
BTEPC201803124218后侧.jpeg,189,378,86,69
BTEPC201803124305前侧.jpg,226,369,84,91
BTEPC201803124305后侧.jpg,182,306,170,122
BTEPC201803124384前侧.jpg,655,445,120,55
BTEPC201803124384后侧.jpg,232,333,162,59
BTEPC201803124626后侧.jpeg,710,298,91,53
BTEPC201803124626正侧.jpeg,0,0,0,0
BTEPC201803124777前侧.jpg,704,442,65,81
BTEPC201803124777后侧.jpg,266,290,141,70
BTEPC201803124781前侧.jpg,144,382,68,85
BTEPC201803124781后侧.jpg,263,306,141,92
BTEPC201803124907前侧.jpg,123,413,104,86
BTEPC201803124907后侧.jpg,581,332,185,99
BTEPC201803125083前侧.jpg,707,437,106,60
BTEPC201803125083后侧.jpg,228,294,121,79
BTEPC201803125086前侧.jpg,79,426,61,109
BTEPC201803125086后侧.jpg,149,344,99,91
BTEPC201803125086正侧.jpg,0,0,0,0
BTEPC201803125216前侧.jpg,77,444,76,112
BTEPC201803125216后侧.jpg,751,298,94,109
BTEPC201803125216正侧.jpg,0,0,0,0
BTEPC201803125218前侧.jpg,230,382,70,67
BTEPC201803125218后侧.jpg,0,0,0,0
BTEPC201803125219前侧.jpg,77,444,76,112
BTEPC201803125219后侧.jpg,751,298,94,109
BTEPC201803125219正侧.jpg,0,0,0,0
BTEPC201803125219正后.jpg,751,298,94,109
BTEPC20180312527前侧.jpeg,755,466,91,88
BTEPC20180312527后侧.jpeg,206,367,92,77
BTEPC20180312527正侧.jpeg,0,0,0,0
BTEPC201803125387前侧.jpg,77,386,106,79
BTEPC201803125387后侧.jpg,167,257,141,88
BTEPC201803125387正侧.jpg,0,0,0,0
BTEPC201803125388前侧.jpg,175,444,99,104
BTEPC201803125388后侧.jpg,635,315,124,99
BTEPC20180312608前侧.jpg,108,418,99,89
BTEPC20180312608后侧.jpg,184,280,131,59
BTEPC20180312608正侧.jpg,0,0,0,0
BTEPC20180312614前侧.jpg,42,419,66,118
BTEPC20180312614后侧.jpg,639,342,104,60
BTEPC201803126265前侧.jpg,686,395,67,50
BTEPC201803126265后侧.jpg,299,307,110,43
BTEPC201803126467前侧.jpeg,111,389,100,71
BTEPC201803126467后侧.jpeg,104,319,68,52
BTEPC201803126664前侧.jpg,773,478,83,101
BTEPC201803126664后侧.jpg,115,315,104,76
BTEPC201803126664正侧.jpg,0,0,0,0
BTEPC201803126864前侧.jpg,715,415,92,78
BTEPC201803126864后侧.jpg,160,426,175,135
BTEPC201803126864正侧.jpg,0,0,0,0
BTEPC201803126872前侧.jpg,168,428,73,86
BTEPC201803126872后侧.jpg,629,334,134,85
BTEPC20180312688前侧.jpeg,739,464,149,101
BTEPC20180312688后侧.jpeg,165,303,147,83
BTEPC201803127183前侧.jpg,0,0,0,0
BTEPC201803127183后侧.jpg,558,360,176,141
BTEPC201803127183正侧.jpg,0,0,0,0
BTEPC201803127183正前.jpg,561,507,159,60
BTEPC201803127314前侧.jpg,695,426,148,72
BTEPC201803127314后侧.jpg,523,420,140,90
BTEPC201803127314正侧.jpg,0,0,0,0
BTEPC201803127350前侧.jpg,722,370,89,63
BTEPC201803127350后侧.jpg,601,398,99,72
BTEPC201803127350正侧.jpg,0,0,0,0
BTEPC201803127443前侧.jpg,264,391,110,47
BTEPC201803127443后侧.jpg,416,398,139,74
BTEPC20180312761前侧.jpg,95,399,117,121
BTEPC20180312761后侧.jpg,147,311,120,83
BTEPC20180312761正侧.jpg,0,0,0,0
BTEPC20180312762前侧.jpg,780,447,53,108
BTEPC20180312762后侧.jpeg,529,344,296,114
BTEPC20180312762后侧.jpg,88,302,63,60
BTEPC20180312763前侧.jpg,752,405,67,60
BTEPC20180312763后侧.jpg,231,339,114,72
BTEPC20180312826前侧.jpg,167,476,189,124
BTEPC20180312826后侧.jpg,196,305,164,96
BTEPC20180312826正侧.jpg,0,0,0,0
BTEPC20180312827前侧.jpg,685,481,85,77
BTEPC20180312827后侧.jpg,657,364,94,82
BTEPC201803128578前侧.jpg,166,418,127,85
BTEPC201803128578后侧.jpg,594,344,121,75
BTEPC201803128738前侧.jpg,195,422,137,72
BTEPC201803128738后侧.jpg,244,315,127,67
BTEPC201803128868前侧.jpg,138,456,88,72
BTEPC201803128868后侧.jpg,0,0,0,0
BTEPC20180312891前侧.jpeg,96,404,80,69
BTEPC20180312891后侧.jpeg,682,294,100,84
BTEPC20180312892前侧.jpg,158,427,97,95
BTEPC20180312892后侧.jpg,661,332,61,96
BTEPC201803129034前侧.jpg,173,470,150,74
BTEPC201803129034后侧.jpg,197,319,110,70
BTEPC20180312959前侧.jpeg,157,445,142,94
BTEPC20180312959后侧.jpg,255,322,171,96
BTEPC20180312960前侧.jpg,741,366,86,86
BTEPC20180312960后侧.jpg,662,243,100,61
BTEPC20180312960正侧.jpg,0,0,0,0
BTEPC20180312961前侧.jpg,701,417,105,75
BTEPC20180312961后侧.jpg,686,298,120,86
C-Class[C级]-2000-3.jpg,0,0,0,0
C-Class[C级]-2000-4.jpg,111,357,57,65
C-Class[C级]-2000-5.jpg,635,285,116,59
C-Class[C级]-2001-3.jpg,0,0,0,0
C-Class[C级]-2001-4.jpg,715,472,129,86
C-Class[C级]-2001-5.jpg,140,321,116,71
C-Class[C级]-2002-3.jpg,0,0,0,0
C-Class[C级]-2002-4.jpg,741,439,38,81
C-Class[C级]-2002-5.jpg,613,310,136,105
C-Class[C级]-2003-3.jpg,0,0,0,0
C-Class[C级]-2003-4.jpg,780,432,55,71
C-Class[C级]-2003-5.jpg,717,312,95,85
C-Class[C级]-2005-4.jpg,80,414,57,85
C-Class[C级]-2005-5.jpg,108,331,80,90
C-Class[C级]-2007-3.jpg,0,0,0,0
C-Class[C级]-2007-5.jpg,231,377,122,45
C-Class[C级]-2008-3.jpg,0,0,0,0
C-Class[C级]-2008-4.jpg,172,411,75,43
C-Class[C级]-2008-5.jpg,768,330,77,91
C-Class[C级]-2009-3.jpg,0,0,0,0
C-Class[C级]-2009-4.jpg,200,469,152,45
C-Class[C级]-2009-5.jpg,199,354,148,50
C-Class[C级]-2010-3.jpg,0,0,0,0
C-Class[C级]-2010-4.jpg,822,439,54,107
C-Class[C级]-2010-5.jpg,0,0,0,0
C-Class[C级]-2011-44.jpg,154,541,281,207
C-Class[C级]-2011-55.jpg,130,259,72,47
C-Class[C级]-2012-4.jpg,710,396,141,89
C-Class[C级]-2012-5.jpg,695,317,109,58
C-Class[C级]-2013-4.jpg,182,447,98,70
C-Class[C级]-2013-5.jpg,215,370,139,80
C-Class[C级]-2014-4.jpg,140,450,199,86
C-Class[C级]-2014-5.jpg,143,312,112,41
C-Class[C级]-2015-3.jpg,0,0,0,0
C-Class[C级]-2015-4.jpg,775,446,126,90
C-Class[C级]-2015-5.jpg,727,230,103,61
C-Class[C级]-2016-4.jpg,695,426,132,81
C-Class[C级]-2016-5.jpg,147,296,120,71
C-Class[C级]-2017-4.jpg,293,410,82,43
C-Class[C级]-2017-5.jpg,265,259,127,54
C-Class[C级]-2019-4.jpg,640,388,139,62
C-Class[C级]-2019-5.jpg,122,298,110,61
c0136338f0684467b906df28ef88433e.jpg,710,341,88,123
c021511a34ce4fc880ce5ddac15baa6a.jpg,815,408,133,52
c107420330624b2ca27cddeab7225a41.JPG,746,359,144,79
c16ffab401464ce8a868be58445eb9b7.jpg,226,440,131,43
c21d15eab4f643b5982ba39620078696.jpg,233,515,137,60
c3ba172593b0478994569d5af7291270.jpg,318,375,127,49
c444cbbafe014adc91e39232d2c02698.jpg,0,0,0,0
c51210fd258bb31eb222221f5b76ede9.jpg,0,0,0,0
c556f8721d08099ba84fc8fdb8dac991.jpg,185,532,191,61
c5c4c1992f01e48dcbdf97ebd5fecf67.jpg,725,412,118,66
c5f162bb473f4b7da22126813b8318e1.jpg,187,387,156,60
c62c8a85329e4d829ab30c792dee786a.jpg,0,0,0,0
c633e040b0c4493dbb67b339ffe5da1f.jpg,752,440,129,43
c68462207b164da4826b1c42be7fd09d.jpg,173,451,158,80
c71a2af71c6d430092443d16ad356b30.jpg,586,430,175,109
c71e7e1eae2f4bd18669fea617b75a06.jpg,0,0,0,0
c73cd82f33ff4d909fa528d1bb7a55e1.jpg,710,341,88,123
c79b0b909e04401291d901f1d9761a42.jpg,710,341,88,123
c7b131fd47fc4f4ca31a0c515b8ee8bb.jpg,673,332,131,81
c819325b8a014a64a4fc0687148508e5.jpg,318,375,127,49
c83184fb89d64c6395bec066ae945373.jpg,729,351,130,56
c8737b794a694252b43989cbdaef20af.jpg,172,469,111,33
c8f0862627f34eaea4ebd6722e79d4f9.jpg,134,336,140,83
ca397d2138804fd9b4679cffb8c82613.jpg,0,0,0,0
ca53a6f07c504f3f90b343ab5957678e.jpg,110,437,129,70
cacb2c89f19f44d5970e771b7542cfef.jpg,893,618,96,87
cad08950799e4ab383306bae7276e51c.jpg,673,332,131,81
cd324896dd0d451ea7b93f7958c9b6c4.jpg,0,0,0,0
cfe3572c4cbd401d9cb228172c91e1cf.jpg,725,412,118,66
CL-Class [CL级]-2001-3.jpg,0,0,0,0
CL-Class [CL级]-2001-4.jpg,715,440,109,43
CL-Class [CL级]-2001-5.jpg,196,340,135,47
CLA-Class [CLA级]-2013-4.jpg,244,388,84,57
CLA-Class [CLA级]-2013-5.jpg,280,296,109,39
CLA-Class [CLA级]-2014-3.jpg,0,0,0,0
CLA-Class [CLA级]-2014-4.jpg,708,413,91,67
CLA-Class [CLA级]-2014-5.jpg,680,287,126,62
CLA-Class [CLA级]-2015-4.jpg,97,385,122,91
CLA-Class [CLA级]-2015-5.jpg,142,248,121,73
CLA-Class [CLA级]-2016-3.jpg,0,0,0,0
CLA-Class [CLA级]-2016-4.jpg,767,420,116,89
CLA-Class [CLA级]-2016-44.jpg,156,444,128,81
CLA-Class [CLA级]-2016-5.jpg,114,219,87,95
CLA-Class [CLA级]-2016-55.jpg,758,313,147,74
CLA-Class [CLA级]-2017-3.jpg,0,0,0,0
CLA-Class [CLA级]-2017-4.jpg,661,488,212,68
CLA-Class [CLA级]-2017-5.jpg,224,323,150,44
CLC-Class [CLC级]-2008-3.jpg,0,0,0,0
CLC-Class [CLC级]-2008-4.jpg,141,442,196,96
CLC-Class [CLC级]-2008-5.jpg,708,298,128,67
CLS-Class [CLS级]-2005-4.jpg,120,405,112,52
CLS-Class [CLS级]-2005-5.jpg,747,262,64,69
CLS-Class [CLS级]-2006-4.jpg,777,447,62,79
CLS-Class [CLS级]-2006-5.jpg,195,304,131,77
CLS-Class [CLS级]-2007-3.jpg,0,0,0,0
CLS-Class [CLS级]-2007-4.jpg,223,397,175,67
CLS-Class [CLS级]-2007-5.jpg,299,296,164,49
CLS-Class [CLS级]-2008-3.jpg,0,0,0,0
CLS-Class [CLS级]-2008-5.jpg,343,297,142,50
CLS-Class [CLS级]-2009-4.jpg,217,397,102,64
CLS-Class [CLS级]-2009-5.jpg,331,337,141,55
CLS-Class [CLS级]-2012-3.jpg,0,0,0,0
CLS-Class [CLS级]-2012-4.jpg,85,420,107,71
CLS-Class [CLS级]-2012-5.jpg,660,311,159,84
CLS-Class [CLS级]-2013-4.jpg,283,272,118,41
CLS-Class [CLS级]-2018-4.jpg,203,429,143,39
CLS-Class [CLS级]-2018-5.jpg,226,369,124,34
d06c2eb5ecc24482b38a89fce849f2d7.jpg,710,341,88,123
d0b323f2bceb401e88414159b7bc8e79.jpg,0,0,0,0
d0da35caa5ef49e7b1403bac6075dbc1.jpg,110,434,130,147
d17919544c6b4a40aac895e4726bc003.jpg,237,436,158,53
d182659a22fe4d8081cded6f644ad7c6.jpg,268,322,114,47
d1f4189078bc4559a0cbd17306cf1fa8.jpg,233,515,137,60
d1fded49d546497baf201a047eab1fc9.jpg,845,570,102,43
d30062110d764ec4b74e01c6a0f0a88f.jpg,110,434,130,147
d348aba6c8f542ad9dee7a305096fe4c.jpg,226,440,131,43
d4839833ff4042ec84dd51a101069dad.jpg,686,532,162,130
d4a77677f5f4470cb4c1e3853bb106b2.jpg,226,440,131,43
d514f14973eb440f8b0e22172d202117.jpg,832,535,138,52
d51f598b5c8343dfa8868be34aff3055.jpg,185,532,191,61
d5ad40677e354c4a8728fbf229dd66d1.jpg,812,433,133,48
d5eeeb6928e84ecf83d76fd83a79fc84.jpg,695,379,142,83
d6179ab2838e400e9d4dbfc3e5cb7120.jpg,695,379,142,83
d626ee19038f468abee99362888c6cf3.jpg,80,480,86,76
d82d9da8e88d4044a6102e4a6fc98844.jpg,0,0,0,0
d87f0a16b085424fbfec89a1b3552f93.jpg,680,388,128,68
d8ec74ad043e422e9c688b8ed46caae0.jpg,710,341,88,123
da14e099789d4e7d9adee166d7fddbdc.jpg,0,0,0,0
dabefa3bed7a3df4c506c6a6797466f3.jpg,0,0,0,0
dad2a47b44894d45816f8f5f7acf55b2.jpg,393,614,176,84
dad60f2967324f72828d169a6939f09e.JPG,350,461,147,51
db09b1c9cc57451da1074bec257e7de7.jpg,200,333,149,60
db11d477fd5241a9b98b552f148588d7.jpg,0,0,0,0
dbf773dc3b65401b90b8b356afec3e8b.jpg,226,440,131,43
dca2c7af4f312e93c1484c170384a2c1.jpg,832,535,138,52
dd5c117cdc4043579639397df1796c37.jpg,166,320,138,48
dd5f10efbd094e2481c4262629947cb0.jpg,680,388,128,68
dda27197a45b440d9061a291772f20a6.jpg,214,525,82,73
dde9b18c52d941c7a83f2959ab27cf49.jpg,219,353,92,41
deabbd447455454b85c453c7730d920f.jpg,393,614,176,84
dec3a5a38f424b89b449a273897c8b71.jpg,836,502,118,43
defc391e5a1645d2aede8976ce235b1f.jpg,110,434,130,147
df72f426f76b4ade8487fb3b3ad26e04.jpg,893,618,96,87
dfee548ef2104416995eff22a0b7bbc6.jpg,836,502,118,43
E-Class [E级]-2000-4.jpg,150,515,116,73
E-Class [E级]-2000-5.jpg,125,397,123,87
E-Class [E级]-2001-4.jpg,618,405,70,42
E-Class [E级]-2001-5.jpg,243,319,92,53
E-Class [E级]-2002-3.jpg,0,0,0,0
E-Class [E级]-2002-4.jpg,661,439,74,58
E-Class [E级]-2002-5.jpg,635,411,116,65
E-Class [E级]-2003-3.jpg,0,0,0,0
E-Class [E级]-2003-4.jpg,230,435,167,60
E-Class [E级]-2003-5.jpg,596,325,175,53
E-Class [E级]-2004-3.jpg,0,0,0,0
E-Class [E级]-2004-4.jpg,741,420,104,59
E-Class [E级]-2004-5.jpg,667,297,112,65
E-Class [E级]-2005-4.jpg,728,378,105,77
E-Class [E级]-2005-5.jpg,175,285,84,69
E-Class [E级]-2006-3.jpg,0,0,0,0
E-Class [E级]-2006-4.jpg,731,423,130,108
E-Class [E级]-2006-5.jpg,659,318,176,84
E-Class [E级]-2007-4.jpg,0,0,0,0
E-Class [E级]-2007-5.jpg,148,329,113,77
E-Class [E级]-2008-3.jpg,0,0,0,0
E-Class [E级]-2008-4.jpg,134,489,93,74
E-Class [E级]-2008-5.jpg,667,379,101,42
E-Class [E级]-2009-3.jpg,0,0,0,0
E-Class [E级]-2009-4.jpg,78,444,74,57
E-Class [E级]-2009-5.jpg,130,333,122,99
E-Class [E级]-2010-3.jpg,0,0,0,0
E-Class [E级]-2010-4.jpg,728,439,84,70
E-Class [E级]-2010-5.jpg,122,290,90,79
E-Class [E级]-2011-3.jpg,0,0,0,0
E-Class [E级]-2011-4.jpg,178,486,122,36
E-Class [E级]-2011-5.jpg,212,378,114,39
E-Class [E级]-2012-3.jpg,0,0,0,0
E-Class [E级]-2012-4.jpg,131,451,80,68
E-Class [E级]-2012-5.jpg,734,367,71,69
E-Class [E级]-2013-4.jpg,817,478,63,56
E-Class [E级]-2013-5.jpg,767,390,60,69
E-Class [E级]-2014-3.jpg,0,0,0,0
E-Class [E级]-2014-4.jpg,197,490,138,50
E-Class [E级]-2014-5.jpg,231,364,132,47
E-Class [E级]-2015-3.jpg,0,0,0,0
E-Class [E级]-2015-4.jpg,146,409,129,81
E-Class [E级]-2015-5.jpg,196,309,129,81
E-Class [E级]-2016-4.jpg,627,432,113,71
E-Class [E级]-2016-5.jpg,604,342,139,60
E-Class [E级]-2017-3.jpg,0,0,0,0
E-Class [E级]-2017-4.jpg,705,420,147,111
E-Class [E级]-2017-5.jpg,165,269,138,60
E-Class [E级]-2018-4.jpg,766,441,153,117
E-Class [E级]-2018-5.jpg,133,309,124,114
e07e4ad893a7489ebd839105290a53ab.jpg,80,480,86,76
e10ee0d385a94d88bd2f61e09099d438.jpg,710,341,88,123
e17f777d658e403c9c8ae9f89f3594bb.jpg,630,341,119,37
e2318f97b0c24fe2ab8d54f5a3279cc0.jpg,203,346,151,69
e271bc943ce543e68f92d5ea2698b0e6.jpg,393,614,176,84
e294c31b80a945658036addc186fa9ef.jpg,0,0,0,0
e32b3156a9924eef9ae71f23c0ca6eea.jpg,185,430,139,69
e332f20a21474ad9ac4eb70cf30b7afa.jpg,742,441,125,48
e45c31ab674043bb972eeaafa94a0596.jpg,260,473,128,72
e4db9a20489a4fcd8dd4f48dd363b66a.jpg,172,469,111,33
e52c6ce944224c328d9a7bea5fd33e0b.jpg,200,333,149,60
e53d693618df48b6a14fdfbe9ab18b79.jpg,172,469,111,33
e54a48e5558a46809fdb669f9597ccf6.jpg,836,502,118,43
e5b13b97bf2c484e85d659a850c212f2.jpg,661,380,132,83
e5dd952ca59f40beb7f325447120bf71.jpg,733,414,85,51
e5e924e256ec48fa8968a8bcfc82e652.jpg,0,0,0,0
e631f26b57524b92a308e54e980434ef.jpg,611,346,144,64
e67f158b2d0f4d00b65e31346565d715.jpg,157,576,145,75
e847958afc38491bb671de10ff3bd503.jpg,708,404,115,73
e880934533b8c48557fddf23897bdd6d.jpg,0,0,0,0
e897c581cfdc4cd290616de7205de616.jpg,673,332,131,81
e94b904943af4bd980fdbd34beecfc47.jpg,237,449,98,41
e94da64f3d3048e6b98eee48861a8d05.jpg,595,274,101,44
e97df9aa573e4d7e8015a343fd671547.jpg,0,0,0,0
e99fa41f278a4228a565d6a19026858d.jpg,0,0,0,0
eadec506010b4bf99119e9c5a175f70a.jpg,89,329,124,74
eb5e162509ac4f5587c814ef1306bafd.jpg,173,451,158,80
eb720e30a3774d1e821d580d1fb3229b.jpg,134,336,140,83
eb9bceb1196543f6af9f413ce5a37bff.jpg,782,316,135,38
ec7da1f8507945d1a7b6a85f5fa01083.jpg,200,333,149,60
ecd65f4b58014a49b5d8d7ade8bff3b3.jpg,765,482,126,50
eda2ef034cd342969352463da97756e4.jpg,0,0,0,0
ee4d9388e1674d359258e5ae579cb21e.jpg,788,363,144,40
ee5dc6ecbacd4eb2bd4eb0a93523c63d.jpg,139,491,97,39
eeacd87614d1412282924faaea5cb635.jpeg,620,422,142,63
eff6e909c8d04576b4e391eb2f4e6e28.JPG,649,480,128,80
f09c77cfa7c049d5b873ad54e49b1e94.jpg,502,759,85,49
f109201f66c243d9aef812de2120f428.JPG,151,420,137,68
f2771cbcb3384779a40875176f4e7e3d.jpg,110,434,130,147
f27e04c162ff4a0e8ff62f490f2b6ca0.jpg,201,560,98,53
f2c0fa3b2aee4caa8f9add56af044431.jpg,268,322,114,47
f30f1b29a227f89f2f167c322709347a.jpg,201,560,98,53
f3854c6eae164f87a96ded2e833d11ba.jpg,716,395,135,73
f3f318284dc443109160d74f150cd512.jpg,649,422,125,88
f406a55d1fba476898074dfa7f89aefe.jpg,0,0,0,0
f4a44c0c446c47118307f20961a85f0f.jpg,729,351,130,56
f4fe99974d6e4717a06ba2ea7604801d.jpg,0,0,0,0
f59f1defa17946688f7894dabd9c41df.jpg,695,379,142,83
f67857a31e881377f07a8de4f8c339b1.jpg,742,371,147,99
f7bfac8051c04e8b8903490d84304b1d.jpg,173,451,158,80
f7dc99781c02415f8a97bcc756d11d81.jpg,134,336,140,83
f90c64e40b1141ab89ffb7a2b752ad0a.jpg,0,0,0,0
fa148408bdb04974807d394cbd777171.jpg,812,433,133,48
faa1a4b4f5484033a92c297259bf7faa.jpg,157,576,145,75
fb206e28ce4248a8a059828e772e51a8.jpg,157,576,145,75
fb7505e7e1c84e3887209ed107af9be8.jpg,0,0,0,0
fba5969f383d4ed1bf91cf7617d3cac3.jpg,836,502,118,43
fbfcd9ae2e0d42b1bd37ac800ec5813f.jpg,165,389,140,62
fc4a830d0bc43a43bf00876f4dbb425e.jpg,845,570,102,43
fc79a479dcc667c5a8ffcce15c086f59.jpg,893,618,96,87
fcca64191a244992a0cbb7af30cf5e55.jpg,214,525,82,73
fd80d3081e734065bd266356d24416d7.jpg,729,351,130,56
fe2c9da558ff46be96716037887794cc.jpg,832,535,138,52
fe92a642790f4228b808dfe9890aa881.jpg,173,551,146,81
fef21a041e1249df8092aa50b8db4239.jpg,110,434,130,147
ff552120d23e4f0ea697dbb8a3d09a34.jpg,260,473,128,72
ff7a8885255e4a5cad140db8aef460b1.JPG,686,415,93,92
fffe7b67d7883c386770d4de68dedf19.jpg,573,475,65,40
GLA-Class [GLA级]-2014-3.jpg,0,0,0,0
GLA-Class [GLA级]-2014-4.jpg,155,436,88,117
GLA-Class [GLA级]-2014-5.jpg,197,279,115,87
GLA-Class [GLA级]-2015-3.jpg,0,0,0,0
GLA-Class [GLA级]-2015-5.jpg,219,364,144,35
GLA-Class [GLA级]-2016-3.jpg,0,0,0,0
GLA-Class [GLA级]-2016-4.jpg,736,495,160,67
GLA-Class [GLA级]-2016-5.jpg,723,405,98,44
GLA-Class [GLA级]-2018-3.jpg,0,0,0,0
GLA-Class [GLA级]-2018-4.jpg,693,417,140,78
GLA-Class [GLA级]-2018-5.jpg,199,326,130,63
GLC-Class [GLC级]-2016-4.jpg,97,400,130,96
GLC-Class [GLC级]-2016-5.jpg,97,254,73,44
GLC-Class [GLC级]-2017-3.jpg,0,0,0,0
GLC-Class [GLC级]-2017-4.jpg,710,397,139,98
GLC-Class [GLC级]-2017-5.jpg,164,282,129,70
GLC-Class [GLC级]-2018-4.jpg,780,439,101,79
GLC-Class [GLC级]-2018-5.jpg,159,297,105,75
GLC-Class [GLC级]-2019-3.jpg,0,0,0,0
GLC-Class [GLC级]-2019-4.jpg,674,387,108,59
GLC-Class [GLC级]-2019-5.jpg,162,307,104,44
GLE-Class [GLE级]-2019-3.jpg,0,0,0,0
GLE-Class [GLE级]-2019-4.jpg,759,430,147,60
GLE-Class [GLE级]-2019-5.jpg,189,295,120,65
GLS-Class [GLS级]-2016-4.jpg,777,439,157,62
GLS-Class [GLS级]-2016-5.jpg,231,310,131,33
GT15-1.jpg,0,0,0,0
GT15-2.jpg,510,471,152,66
GT16-1.jpg,663,504,119,48
GT16-2.jpg,0,0,0,0
R-Class [R级]-2009-3.jpg,0,0,0,0
R-Class [R级]-2010-3.jpg,0,0,0,0
R-Class [R级]-2010-4.jpg,123,415,93,76
R-Class [R级]-2010-5.jpg,692,315,108,78
R-Class [R级]-2011-4.jpg,123,415,93,76
R-Class [R级]-2011-5.jpg,692,315,108,78
S-Class [S级]-2010-4.jpg,789,441,99,84
S-Class [S级]-2011-4.jpg,695,429,152,79
S-Class [S级]-2011-5.jpg,648,313,134,57
S-Class [S级]-2012-4.jpg,88,378,66,48
S-Class [S级]-2012-5.jpg,131,291,68,38
S-Class [S级]-2014-4.jpg,658,495,122,49
S-Class [S级]-2014-5.jpg,211,393,125,36
S-Class [S级]-2017-4.jpg,109,442,107,69
S-Class [S级]-2017-5.jpg,680,323,119,56
S-Class [S级]-2018-4.jpg,689,403,90,30
S-Class [S级]-2018-5.jpg,702,311,84,28
SLK-Class [SLK级]-2007-3.jpg,0,0,0,0
SLK-Class [SLK级]-2007-4.jpg,671,397,128,72
SLK-Class [SLK级]-2007-5.jpg,625,305,128,69
SLK-Class [SLK级]-2009-4.jpg,799,435,97,77
SLK-Class [SLK级]-20095.jpg,128,323,136,88
SLK-Class [SLK级]-2010-3.jpg,0,0,0,0
SLK-Class [SLK级]-2010-4.jpg,116,464,134,71
SLK-Class [SLK级]-2010-5.jpg,185,322,151,53
SLK-Class [SLK级]-2012-3.jpg,0,0,0,0
SLK-Class [SLK级]-2012-4.jpg,741,404,84,87
SLK-Class [SLK级]-2012-5.jpg,230,291,141,67
SLK-Class [SLK级]-2014-3.jpg,0,0,0,0
SLK-Class [SLK级]-2014-4.jpg,84,488,102,71
SLK-Class [SLK级]-2014-5.jpg,115,311,99,66